name: presto_test
channels:
  - conda-forge
  - defaults
dependencies:
  - blas=1.0=mkl
  - brotli-python=1.0.9=py39hd77b12b_8
  - bzip2=1.0.8=h2466b09_7
  - ca-certificates=2024.7.4=h56e8100_0
  - certifi=2024.7.4=py39haa95532_0
  - cffi=1.16.0=py39h2bbff1b_1
  - charset-normalizer=3.3.2=pyhd8ed1ab_0
  - curl=8.9.1=h1ee3ff0_0
  - h2=4.1.0=pyhd8ed1ab_0
  - hpack=4.0.0=pyh9f0ad1d_0
  - hyperframe=6.0.1=pyhd8ed1ab_0
  - idna=3.7=pyhd8ed1ab_0
  - importlib-resources=6.4.0=pyhd8ed1ab_0
  - importlib_resources=6.4.0=pyhd8ed1ab_0
  - intel-openmp=2023.1.0=h59b6b97_46320
  - krb5=1.21.3=hdf4eb48_0
  - libarchive=3.6.2=h6f8411a_1
  - libcurl=8.9.1=h18fefc2_0
  - libiconv=1.17=hcfcfb64_2
  - libssh2=1.11.0=h7dfc565_0
  - libxml2=2.12.7=h0f24e4e_4
  - libzlib=1.3.1=h2466b09_1
  - lz4-c=1.9.4=hcfcfb64_0
  - lzo=2.10=hcfcfb64_1001
  - mkl=2023.1.0=h6b88ed4_46358
  - mkl-service=2.4.0=py39h2bbff1b_1
  - mkl_fft=1.3.8=py39h2bbff1b_0
  - mkl_random=1.2.4=py39h59b6b97_0
  - munch=4.0.0=pyhd8ed1ab_0
  - munkres=1.1.4=pyh9f0ad1d_0
  - numpy=1.26.4=py39h055cbcc_0
  - numpy-base=1.26.4=py39h65a83cf_0
  - openssl=3.3.1=h2466b09_2
  - packaging=24.1=pyhd8ed1ab_0
  - pip=24.2=py39haa95532_0
  - platformdirs=4.2.2=pyhd8ed1ab_0
  - pooch=1.8.2=pyhd8ed1ab_0
  - pycparser=2.22=pyhd8ed1ab_0
  - pysocks=1.7.1=pyh0701188_6
  - python=3.9.19=h1aa4202_1
  - python-tzdata=2024.1=pyhd8ed1ab_0
  - pytz=2024.1=pyhd8ed1ab_0
  - requests=2.32.3=pyhd8ed1ab_0
  - setuptools=72.1.0=py39haa95532_0
  - sqlite=3.45.3=h2bbff1b_0
  - tbb=2021.8.0=h59b6b97_0
  - tzdata=2024a=h04d1e81_0
  - ucrt=10.0.22621.0=h57928b3_0
  - urllib3=2.2.2=pyhd8ed1ab_1
  - vc=14.40=h2eaa2aa_0
  - vc14_runtime=14.40.33810=ha82c5b3_20
  - vs2015_runtime=14.40.33810=h3bf8584_20
  - wheel=0.43.0=py39haa95532_0
  - win_inet_pton=1.1.0=pyhd8ed1ab_6
  - xz=5.2.6=h8d14728_0
  - zipp=3.19.2=pyhd8ed1ab_0
  - zstandard=0.19.0=py39h2bbff1b_0
  - zstd=1.5.6=h0ea2cb4_0
  - pip:
      - affine==2.4.0
      - biopython==1.83
      - braceexpand==0.1.7
      - cachetools==5.4.0
      - earthengine-api==0.1.415
      - einops==0.8.0
      - filelock==3.15.4
      - fsspec==2024.6.1
      - google-api-core==2.19.1
      - google-api-python-client==2.140.0
      - google-auth==2.33.0
      - google-auth-httplib2==0.2.0
      - google-cloud-core==2.4.1
      - google-cloud-storage==2.18.2
      - google-crc32c==1.5.0
      - google-resumable-media==2.7.2
      - googleapis-common-protos==1.63.2
      - httplib2==0.22.0
      - hurry-filesize==0.9
      - llvmlite==0.41.1
      - mpmath==1.3.0
      - numba==0.58.1
      - openmapflow==0.2.4
      - pandas==1.5.3
      - proto-plus==1.24.0
      - protobuf==5.27.3
      - pyasn1==0.6.0
      - pyasn1-modules==0.4.0
      - pynndescent==0.5.13
      - python-dateutil==2.9.0.post0
      - pyyaml==6.0.2
      - rasterio==1.3.10
      - rsa==4.9
      - scipy==1.10.1
      - snuggs==1.4.7
      - sympy==1.13.1
      - torch==2.4.0
      - tqdm==4.66.5
      - typing-extensions==4.12.2
      - umap==0.1.1
      - umap-learn==0.5.6
      - uritemplate==4.1.1
      - webdataset==0.2.86
      - xarray==2023.1.0
prefix: C:\Users\44869\anaconda3\envs\presto_test
